DataInput/LayerGeneration/dem_ldd.asc
ncols         973
nrows         552
xllcorner     1035765.8058101
yllcorner     6863341.1963236
cellsize      2
NODATA_value  -9999
[rows 363 to 395 of 552, columns 511 to 583 of 973]
212.534 212.509 212.447 202.346 202.279 212.306 212.271 212.299 212.268 212.163 212.002 211.88 211.811 211.71 211.634 201.629 211.559 211.524 211.509 211.42 211.378 211.36 211.257 211.24 211.206 211.162 211.107 211.099 210.982 211.05 200.987 200.905 210.867 210.823 210.719 210.707 210.691 210.643 210.632 210.604 210.617 210.614 210.615 210.511 210.534 210.469 210.441 200.393 200.295 210.364 210.306 210.238 210.261 210.209 210.277 210.229 210.214 210.133 210.121 200.009 210.018 209.995 199.977 199.912 209.894 209.804 209.805 199.799 199.744 209.659 209.567 209.611 209.59
212.649 212.591 212.544 212.512 202.279 212.296 212.419 212.382 212.247 212.106 212.01 211.911 211.858 211.807 201.712 211.664 211.651 211.634 211.514 211.502 211.456 211.438 211.462 211.375 211.327 211.263 211.232 211.203 211.171 201.162 201.057 211.024 210.932 210.953 210.869 210.803 210.792 210.74 210.765 210.782 210.821 210.737 210.731 210.667 210.671 210.632 200.659 200.568 210.54 210.482 210.456 200.526 200.526 210.448 210.442 210.416 210.369 210.266 200.259 200.184 210.135 200.085 200.034 209.95 209.962 199.922 199.922 199.87 209.86 199.843 199.823 199.817 199.765
212.751 212.663 212.609 212.605 212.611 202.364 212.476 212.376 212.318 212.253 212.138 212.06 211.999 201.963 201.904 211.886 211.791 211.742 211.648 211.668 211.63 211.654 211.613 211.557 211.517 211.466 211.405 211.42 211.283 201.278 211.201 211.189 211.159 211.127 211.038 210.913 210.926 210.941 210.983 210.938 210.925 200.879 200.875 200.82 200.82 200.784 200.706 210.658 200.657 200.631 200.631 200.564 200.592 200.526 200.494 200.476 200.421 200.421 200.388 210.298 210.286 210.221 210.227 210.149 210.08 200.081 210.069 210.046 209.998 210.015 209.974 209.92 209.806
212.822 212.791 212.721 212.718 212.644 202.645 202.49 212.522 212.418 212.406 212.312 212.217 202.19 202.211 212.091 212.068 211.978 212.045 211.965 212.001 202.022 211.865 211.808 211.858 211.792 211.814 201.718 201.608 201.608 211.457 211.458 201.436 201.376 201.298 201.21 201.154 201.089 201.077 201.039 201.039 201.039 201.033 201.07 201.017 210.952 210.959 210.845 200.857 200.832 210.81 210.773 210.699 200.702 200.614 210.6 210.592 210.524 210.391 210.354 210.307 210.294 210.283 210.273 210.261 200.196 210.141 210.125 210.135 210.082 210.013 209.967 209.971 209.943
212.889 212.909 212.787 212.823 212.715 202.688 202.649 212.64 212.605 212.53 212.493 202.398 202.397 212.309 212.187 212.25 202.238 202.208 202.144 202.097 202.05 202.022 202.016 201.987 201.929 201.866 201.815 211.781 211.714 211.695 211.68 211.573 211.523 211.496 201.4 201.371 201.265 211.202 211.25 211.172 211.135 211.016 210.963 210.942 210.97 210.937 200.922 200.91 210.878 210.799 210.791 200.735 200.731 210.701 210.674 210.61 210.57 210.528 210.509 210.478 210.497 210.441 210.395 200.336 200.33 210.321 210.291 210.231 210.143 210.158 210.121 210.11 210.067
212.959 212.902 212.893 212.846 202.861 202.838 212.709 212.649 212.709 212.738 202.656 202.57 212.492 212.385 212.42 212.325 212.279 202.256 212.165 212.113 212.12 212.089 212.034 201.988 211.952 211.89 211.857 211.732 211.631 211.609 211.58 211.602 211.578 211.536 201.52 201.434 211.416 211.392 211.338 211.259 211.236 211.165 211.149 211.128 211.081 201.053 201.027 210.993 210.967 210.92 200.889 200.87 200.872 210.806 210.74 210.697 210.671 210.64 210.633 210.573 210.522 210.492 200.472 200.478 210.436 210.369 210.352 210.308 210.292 210.267 210.211 210.153 200.096
213.059 213.023 212.979 212.982 202.929 212.856 212.838 212.815 212.813 212.74 202.779 212.608 212.493 212.472 212.401 212.352 202.323 202.277 212.25 212.242 212.164 212.144 202.085 202.081 212.057 212.002 211.925 211.904 211.863 211.791 211.79 211.738 211.685 201.64 201.552 201.564 211.544 211.45 211.412 211.328 211.334 211.304 211.246 211.24 211.161 201.118 211.075 211.033 211.023 200.979 200.998 200.978 210.866 210.854 210.834 210.791 210.799 210.742 210.731 210.664 210.643 210.664 200.602 210.537 210.505 210.46 210.443 210.41 210.368 210.299 210.221 200.202 200.199
213.132 213.131 213.09 203.051 202.946 212.989 212.94 212.901 212.857 202.781 202.805 212.79 212.719 212.591 212.51 202.473 202.424 212.413 212.365 212.289 212.256 202.233 202.196 212.22 212.117 212.077 212.002 211.942 211.945 211.942 211.835 211.806 201.774 201.739 201.703 211.63 211.574 211.501 211.516 211.455 211.464 211.376 211.338 211.302 201.218 201.192 211.181 211.128 201.106 201.081 201.052 210.999 210.953 210.949 210.871 210.862 210.822 210.752 210.732 210.72 210.707 210.661 210.598 210.621 210.566 210.577 210.494 210.45 210.36 210.368 200.311 200.278 210.286
213.254 213.225 203.078 203.129 213.148 213.047 212.996 212.979 202.965 212.943 212.87 212.829 212.798 212.711 202.565 202.495 212.479 212.422 212.382 212.362 202.338 202.331 212.263 212.217 212.209 212.19 212.135 212.113 212.05 211.989 211.915 201.907 201.857 201.827 211.742 211.662 211.673 211.621 211.598 211.498 211.46 211.441 211.377 211.339 211.239 211.286 211.225 201.195 201.183 201.12 211.058 211.024 211.034 210.971 210.947 210.91 210.87 210.872 210.838 210.813 210.787 210.73 210.679 210.671 210.674 210.654 210.577 210.534 210.491 200.475 200.48 210.443 210.389
213.361 203.293 203.245 213.224 213.156 213.149 213.112 203.055 203.015 213.04 212.986 212.857 212.784 202.773 202.622 212.55 212.479 212.439 212.444 202.432 202.378 212.367 212.279 212.275 212.224 212.178 212.175 212.12 212.063 212.03 201.964 201.92 201.911 211.862 211.787 211.773 211.697 211.706 211.634 211.507 211.542 211.486 211.459 211.447 211.408 211.348 211.309 201.257 201.227 211.185 211.189 211.146 211.151 211.088 211.058 211.044 211.033 211.033 210.998 210.925 210.886 210.867 210.851 210.85 210.767 210.717 210.689 210.661 210.659 200.603 210.553 210.499 210.427
203.387 203.346 213.323 213.27 213.241 213.256 203.157 203.156 213.136 213.08 213.015 213.033 202.898 202.807 212.707 212.582 212.526 212.501 202.433 202.476 212.441 212.42 212.338 212.361 212.324 212.3 212.215 212.174 212.157 202.125 202.089 202.052 211.982 211.968 211.938 211.874 211.834 211.776 211.728 211.654 211.663 211.64 211.596 211.571 211.491 211.437 211.409 201.379 201.337 211.349 211.292 211.239 211.246 211.167 211.142 211.136 211.099 211.058 211.013 210.989 210.997 210.979 210.888 210.837 210.873 210.802 210.811 210.753 200.695 210.673 210.646 210.594 210.567
203.465 213.457 213.363 213.335 213.304 203.281 203.243 213.202 213.198 213.189 213.207 203.063 202.944 212.888 212.726 212.722 212.615 212.62 202.569 212.541 212.532 212.539 212.514 212.465 212.428 212.388 212.334 212.333 212.322 202.247 202.212 212.137 212.166 212.093 212.035 212.046 211.949 211.89 211.887 211.817 211.797 211.76 211.685 211.624 211.58 211.542 211.499 201.469 211.422 211.396 211.339 211.319 211.285 211.317 211.264 211.22 211.134 211.154 211.123 211.142 211.071 211.024 211.02 211 211.016 210.976 210.905 200.822 210.82 210.802 210.768 210.751 210.667
213.53 213.477 213.548 213.417 213.399 213.379 203.342 213.305 213.261 213.261 213.187 203.257 213.138 213.001 212.958 212.888 212.729 202.671 212.577 212.636 212.655 212.6 212.601 212.541 212.494 212.493 212.486 212.399 202.367 202.289 202.277 212.225 212.162 212.14 212.096 212.08 212.062 212.054 211.987 211.915 211.872 211.835 211.797 211.738 211.685 211.694 211.648 201.598 211.532 211.49 211.477 211.447 211.408 211.371 211.347 211.311 211.315 211.306 211.248 211.212 211.184 211.201 211.202 211.145 211.098 211.04 201.013 200.985 210.999 210.93 210.845 210.828 210.768
213.706 213.654 213.573 213.56 213.546 203.463 203.432 213.462 213.343 213.321 203.348 213.314 213.286 213.228 213.001 212.962 202.871 202.781 212.734 212.71 212.703 212.694 212.621 212.638 212.647 212.583 212.539 202.488 202.503 202.504 212.451 212.376 212.364 212.324 212.289 212.258 212.205 212.146 212.089 212.052 211.969 211.983 211.941 211.918 211.881 211.813 201.758 201.689 211.684 211.601 211.571 211.55 211.534 211.494 211.466 211.451 211.41 211.384 211.31 211.311 211.347 211.272 211.24 211.192 211.2 201.184 201.18 211.124 211.041 211.032 210.963 210.969 210.906
213.859 213.663 213.707 213.649 203.56 203.635 213.523 213.466 213.425 203.439 203.378 213.426 213.389 213.324 213.131 203.051 203.009 212.973 212.849 212.78 212.744 212.774 212.812 212.783 212.747 212.716 202.702 202.664 202.67 212.618 212.535 212.525 212.47 212.453 212.413 212.317 212.302 212.262 212.2 212.209 212.168 212.029 212.029 211.998 211.94 211.88 201.904 211.842 211.822 211.742 211.708 211.685 211.639 211.637 211.618 211.547 211.506 211.506 211.493 211.477 211.411 211.37 211.366 211.373 211.331 201.302 211.224 211.193 211.177 211.146 211.1 211.078 211.092
213.901 213.86 213.743 203.76 203.737 213.655 213.593 213.614 213.546 203.527 203.506 213.442 213.408 213.453 203.334 203.206 213.142 213.03 212.949 212.888 212.886 212.896 212.863 212.856 212.883 202.821 202.847 212.782 202.723 212.702 212.674 212.645 212.615 212.566 212.511 212.484 212.466 212.424 212.389 212.345 212.259 212.205 212.162 212.098 212.091 202.051 202.011 211.978 211.962 211.868 211.866 211.856 211.81 211.73 211.692 211.679 211.697 211.669 211.615 211.597 211.554 211.547 211.539 211.516 211.435 211.397 211.347 211.324 211.293 211.249 211.199 211.158 211.139
214 213.956 213.892 203.801 213.773 213.788 213.768 213.68 213.659 203.658 213.533 213.569 213.534 213.55 203.446 213.355 213.222 213.247 213.164 213.07 213.015 212.952 212.931 212.968 212.957 202.962 212.911 212.858 202.876 212.851 212.781 212.778 212.727 212.691 212.685 212.644 212.618 212.561 212.521 212.438 212.409 212.3 212.32 212.288 202.254 202.216 212.164 212.105 212.044 212.065 211.974 211.925 211.842 211.861 211.848 211.819 211.739 211.706 211.671 211.657 211.667 211.601 211.571 211.561 211.533 211.533 211.502 211.44 211.355 211.338 211.27 211.284 211.235
214.048 214.067 204.034 213.91 213.883 213.879 213.817 213.769 213.735 203.687 203.697 213.647 213.633 213.628 213.564 213.431 213.395 213.316 213.258 213.218 213.127 213.113 213.1 213.064 203.142 213.069 213.099 203.054 202.981 212.953 212.92 212.904 212.879 212.849 212.83 212.777 212.728 212.639 212.576 212.574 212.519 212.484 212.442 202.369 202.297 212.218 212.244 212.233 212.141 212.108 212.051 212.038 211.993 211.968 211.911 211.862 211.813 211.797 211.809 211.746 211.731 211.668 211.681 211.678 211.662 211.627 211.572 211.56 211.517 211.459 211.461 211.382 211.414
214.213 204.125 204.12 214.113 213.988 213.94 213.903 213.864 213.843 213.811 203.74 213.723 213.717 213.638 213.677 213.678 213.523 213.463 213.4 213.361 213.346 213.243 213.192 203.151 203.145 213.17 213.123 203.138 213.067 213.07 213.033 213.04 212.998 212.935 212.919 212.873 212.8 212.833 212.772 212.71 212.696 212.637 212.555 202.477 212.473 212.392 212.354 212.32 212.292 212.23 212.222 212.19 212.131 212.045 212.044 212.021 212.003 211.959 211.916 211.852 211.853 211.843 211.867 211.809 211.746 211.722 211.714 211.685 211.648 211.585 211.564 211.526 211.483
214.359 204.291 204.25 214.134 214.103 214.1 213.979 214.002 213.928 213.865 203.871 213.804 213.808 213.794 213.773 213.74 213.724 213.635 213.551 213.49 213.465 213.357 203.321 203.273 213.306 213.31 213.291 203.291 213.234 213.227 213.215 213.128 213.12 213.065 213.027 213.031 213 212.898 212.905 212.863 212.811 212.729 212.747 202.669 212.661 212.571 212.514 212.473 212.437 212.418 212.355 212.289 212.264 212.215 212.203 212.149 212.094 212.024 212.016 211.997 212.01 211.969 211.919 211.936 211.86 211.885 211.848 211.793 211.814 211.741 211.709 211.627 211.577
204.492 204.432 214.336 214.334 214.281 214.191 214.155 214.114 214.095 204.042 204.039 214.003 213.971 213.914 213.898 213.896 213.825 213.844 213.761 213.687 213.662 203.581 203.506 213.486 213.413 213.423 203.465 203.412 213.426 213.408 213.343 213.356 213.296 213.23 213.239 213.199 213.141 213.129 213.097 213.043 212.984 212.977 202.918 202.853 212.795 212.747 212.734 212.686 212.66 212.598 212.506 212.443 212.427 212.39 212.347 212.292 212.255 212.217 212.199 212.199 212.138 212.087 212.08 212.063 212.031 212.017 211.979 212.013 211.91 211.892 211.778 211.736 211.738
204.504 214.514 214.454 214.403 214.394 214.321 214.251 214.174 214.172 204.1 214.117 214.026 213.997 214.01 213.984 213.968 213.961 213.932 213.853 213.779 213.687 203.687 213.658 213.488 213.535 213.53 203.502 213.556 213.52 213.473 213.504 213.448 213.425 213.419 213.369 213.337 213.326 213.225 213.212 213.177 213.148 213.055 203.023 212.951 212.895 212.877 212.851 212.778 212.72 212.656 212.63 212.585 212.522 212.441 212.427 212.421 212.388 212.313 212.25 212.227 212.196 212.205 212.178 212.172 212.114 212.082 212.047 212.056 211.991 211.945 211.925 211.934 211.851
204.676 204.615 214.575 214.518 214.436 214.449 214.403 214.345 204.283 204.292 214.227 214.174 214.214 214.148 214.086 214.095 214.048 214.085 214.053 214.027 203.886 213.798 213.768 213.749 213.674 213.622 203.633 213.629 213.656 213.63 213.606 213.574 213.534 213.481 213.482 213.465 213.39 213.424 213.4 213.301 213.27 213.236 213.194 213.137 213.067 213.02 212.951 212.896 212.871 212.836 212.728 212.702 212.633 212.64 212.601 212.528 212.481 212.393 212.387 212.37 212.342 212.345 212.303 212.284 212.263 212.246 212.209 212.137 212.131 212.104 212.066 212.01 211.958
214.773 204.699 214.723 214.648 214.644 214.606 214.512 214.462 204.472 214.346 214.37 214.368 214.319 214.301 214.251 214.204 214.25 214.232 214.171 204.12 214.048 213.981 213.988 213.907 213.809 203.782 213.772 213.82 213.822 213.781 213.772 213.716 213.655 213.662 213.619 213.611 213.607 213.553 213.524 213.484 213.457 213.353 213.329 213.306 213.229 213.17 213.152 213.11 213.034 212.968 212.885 212.885 212.868 212.79 212.705 212.619 212.606 212.587 212.573 212.501 212.442 212.423 212.404 212.368 212.374 212.313 212.334 212.313 212.247 212.241 212.15 212.137 212.127
214.886 214.839 204.782 214.816 214.768 214.668 214.688 204.617 204.556 214.556 214.515 214.439 214.453 214.393 214.383 214.383 214.312 214.335 204.338 204.306 214.318 214.139 214.042 214.031 204.038 203.937 213.924 213.848 213.908 213.906 213.842 213.891 213.874 213.811 213.813 213.751 213.68 213.653 213.671 213.626 213.606 213.527 213.454 213.416 213.335 213.343 213.238 213.16 213.11 213.086 213.034 212.996 212.904 212.858 212.863 212.814 212.802 212.715 212.633 212.62 212.563 212.572 212.522 212.476 212.503 212.427 212.38 212.361 212.29 212.285 212.278 212.218 212.183
215.018 214.983 204.961 204.904 214.861 214.839 204.805 204.796 214.781 214.635 214.567 214.623 214.553 214.539 214.508 214.459 214.473 204.462 204.449 214.432 214.362 214.328 214.226 204.222 204.198 214.117 213.987 213.98 214.03 214.041 214.044 213.997 213.95 213.915 213.882 213.859 213.866 213.824 213.767 213.758 213.695 213.657 213.613 213.581 213.518 213.437 213.359 213.332 213.254 213.209 213.128 213.037 213.01 212.962 212.921 212.861 212.782 212.76 212.694 212.707 212.683 212.66 212.658 212.607 212.579 212.534 212.5 212.488 212.476 212.435 212.385 212.297 212.288
215.139 215.086 215.004 204.954 215.024 214.994 204.933 204.932 214.819 214.8 214.747 214.696 214.738 214.653 214.585 214.621 214.581 204.572 214.608 214.497 214.524 214.51 214.451 204.402 214.287 214.23 214.196 214.125 214.111 214.155 214.099 214.099 214.075 214.006 214.016 213.988 213.959 213.859 213.842 213.766 213.718 213.712 213.684 213.63 213.542 213.52 213.494 213.458 213.404 213.266 213.246 213.212 213.178 213.092 212.987 212.967 212.923 212.913 212.863 212.861 212.783 212.75 212.714 212.694 212.647 212.654 212.613 212.627 212.56 212.536 212.515 212.494 212.47
215.299 215.158 215.185 215.155 205.088 215.109 215.05 204.996 215.032 214.973 214.858 214.816 214.764 214.754 214.747 214.661 204.698 204.687 214.643 214.666 214.635 214.593 214.495 204.464 214.471 214.369 214.332 214.241 214.168 214.149 214.147 214.168 214.165 214.143 214.097 214.015 214.045 214.006 213.982 213.938 213.891 213.832 213.78 213.732 213.719 213.659 213.584 213.484 213.444 213.413 213.37 213.289 213.254 213.165 213.124 213.1 213.078 213.006 212.936 212.907 212.895 212.82 212.836 212.81 212.785 212.768 212.71 212.663 212.628 212.624 212.634 212.573 212.506
215.367 215.338 215.233 215.252 205.204 205.166 215.197 205.125 205.09 215.053 215.016 214.942 214.887 214.896 214.813 214.809 204.715 204.762 214.757 214.725 214.688 214.644 204.661 204.624 214.638 214.527 214.451 214.363 214.237 214.281 214.246 214.246 214.241 214.204 214.152 214.126 214.094 214.069 214.034 214.061 213.96 213.874 213.86 213.861 213.777 213.715 213.648 213.629 213.555 213.495 213.41 213.369 213.303 213.286 213.239 213.164 213.091 213.062 213.022 213.002 213.001 212.93 212.951 212.899 212.877 212.857 212.791 212.784 212.792 212.737 212.705 212.623 212.628
215.473 215.397 215.358 215.321 215.306 205.309 205.302 215.232 205.153 205.202 215.11 215.108 215.002 214.929 214.914 214.942 204.899 214.853 214.826 214.802 214.778 214.716 214.709 204.659 214.638 214.633 214.524 214.493 214.395 214.309 214.303 214.297 214.258 214.229 214.265 214.214 214.176 214.136 214.085 214.039 213.983 213.993 213.933 213.855 213.825 213.795 213.767 213.707 213.63 213.544 213.543 213.477 213.462 213.371 213.286 213.258 213.2 213.192 213.137 213.084 213.085 213.031 212.999 212.972 212.917 212.897 212.89 212.87 212.828 212.771 212.758 212.738 212.761
215.524 215.48 215.503 215.433 215.426 215.36 205.302 215.359 205.287 205.224 215.234 215.172 215.101 215.078 215.003 205.002 205.016 214.875 214.919 214.865 214.844 214.804 214.742 214.709 204.659 214.701 214.686 214.586 214.506 214.378 214.345 214.311 214.328 214.321 214.28 214.253 214.255 214.187 214.142 214.146 214.088 214.04 213.962 213.933 213.922 213.86 213.786 213.69 213.682 213.659 213.593 213.527 213.447 213.401 213.335 213.343 213.301 213.258 213.248 213.179 213.18 213.102 213.057 213.083 213.055 213.026 212.975 212.958 212.931 212.914 212.915 212.859 212.784
205.619 215.57 215.533 215.5 215.424 205.422 205.426 205.407 205.369 215.314 215.218 215.271 215.187 215.138 215.056 205.025 205.036 215.021 214.942 214.915 214.878 214.812 214.815 214.75 204.728 204.69 214.77 214.711 214.622 214.451 214.417 214.371 214.375 214.327 214.318 214.257 214.201 214.205 214.208 214.151 214.063 214.08 214.048 214.001 213.933 213.867 213.847 213.837 213.82 213.749 213.666 213.628 213.584 213.557 213.491 213.43 213.392 213.322 213.266 213.262 213.213 213.214 213.199 213.191 213.13 213.082 213.063 213.06 203.065 203.019 202.987 202.959 202.959
205.616 215.633 215.625 215.545 215.516 205.525 215.488 205.461 205.417 215.399 215.346 215.31 215.254 215.174 205.183 205.06 205.121 205.05 215.017 214.964 214.938 214.874 214.829 214.825 204.769 204.749 204.729 214.783 214.725 214.6 214.474 214.387 214.37 214.366 214.366 214.355 214.317 214.26 214.219 214.213 214.181 214.119 214.064 214 213.987 213.963 213.958 213.891 213.843 213.77 213.729 213.737 213.668 213.636 203.58 203.518 203.484 203.435 203.435 203.396 203.379 203.367 203.307 203.305 203.305 203.305 203.305 203.236 203.192 213.165 213.161 203.159 203.143
