DataInput/LayerGeneration/dem_ldd.asc
ncols         973
nrows         552
xllcorner     1035765.8058101
yllcorner     6863341.1963236
cellsize      2
NODATA_value  -9999
[rows 297 to 329 of 552, columns 584 to 656 of 973]
202.785 202.664 202.566 202.49 202.406 202.264 202.234 192.131 202.079 202.034 201.961 191.889 191.86 201.805 201.751 201.715 201.622 201.595 191.489 191.433 201.325 191.276 191.22 201.217 201.247 201.188 201.164 201.163 201.075 191.032 200.991 200.961 200.869 200.841 200.741 200.658 200.601 190.511 190.4 190.318 200.259 200.28 200.205 200.112 200.061 200.002 199.916 199.828 199.775 199.723 199.656 199.577 190.318 190.318 199.279 199.177 199.081 190.318 198.867 190.318 190.318 198.768 198.81 190.318 190.318 199.045 199.415 199.416 -9999 -9999 -9999 -9999 -9999
202.869 202.779 202.696 202.597 202.545 202.42 192.325 192.238 202.19 202.158 202.063 191.979 201.965 201.93 201.853 201.816 201.77 201.719 191.631 201.563 201.488 201.394 191.339 201.324 201.352 201.327 201.315 201.242 191.208 201.168 201.091 201.05 200.996 200.927 200.87 200.773 190.722 190.625 200.547 190.411 200.381 200.368 200.329 200.207 200.165 200.113 200.016 199.947 199.865 199.823 199.763 190.318 190.318 199.466 199.37 199.284 190.318 190.318 198.973 190.318 190.318 198.863 198.9 198.885 190.318 199.191 199.513 199.513 -9999 -9999 -9999 -9999 -9999
203.007 202.874 202.801 202.733 202.644 192.533 192.424 202.352 202.3 202.255 202.187 192.117 202.038 202.038 201.984 201.902 201.84 191.83 191.719 201.671 201.651 201.541 191.476 201.439 201.47 201.456 201.439 201.37 191.32 201.28 201.208 201.15 201.089 201.066 200.997 200.897 190.838 200.745 190.653 190.534 200.475 200.49 200.423 200.332 200.239 200.204 200.141 200.046 199.985 199.901 190.318 190.318 199.641 199.583 199.478 190.318 190.318 199.186 199.064 190.318 190.318 198.959 198.994 190.318 190.318 199.158 199.602 199.603 -9999 -9999 -9999 -9999 -9999
203.09 203.015 202.922 202.854 192.766 192.636 202.536 202.462 202.389 202.402 192.286 192.225 202.188 202.146 202.077 202.029 201.974 191.911 201.842 201.782 201.775 201.677 191.61 201.571 201.625 201.557 201.535 201.503 191.471 191.394 201.351 201.283 201.206 201.147 201.072 191.001 200.946 200.881 200.766 190.63 200.587 200.57 200.53 200.458 200.37 200.308 200.246 200.156 200.09 190.318 190.318 199.86 199.746 199.659 199.579 190.318 199.387 199.288 199.171 190.318 190.318 199.055 199.099 190.318 190.318 199.27 199.699 199.703 -9999 -9999 -9999 -9999 -9999
203.201 203.107 203.027 192.955 192.848 202.767 202.661 202.57 202.51 192.452 192.411 202.347 202.283 202.25 202.187 202.129 192.085 192.046 201.943 201.89 201.832 191.776 191.712 201.667 201.72 201.656 201.655 201.574 191.56 191.506 201.467 201.393 201.337 201.269 191.201 191.117 201.061 200.987 200.863 190.721 200.705 200.69 200.642 200.558 200.467 200.401 200.331 200.252 190.318 190.318 200.059 199.96 199.86 190.318 190.318 199.597 199.491 199.393 190.318 190.318 190.318 199.136 199.193 199.196 190.318 199.407 199.788 199.817 -9999 -9999 -9999 -9999 -9999
203.327 203.259 193.136 193.087 202.963 202.883 202.789 202.701 202.578 192.584 202.518 202.434 202.418 202.381 202.318 202.252 192.187 202.172 202.102 202.018 201.952 191.879 191.787 201.76 201.822 201.783 201.783 201.667 201.661 191.603 201.564 201.509 201.449 201.393 191.33 201.237 201.173 201.114 200.986 190.851 200.775 200.811 200.734 200.677 200.578 200.494 200.442 200.381 190.318 200.242 200.172 200.062 190.318 190.318 199.792 199.692 199.601 199.493 190.318 190.318 190.318 199.252 199.276 190.318 190.318 199.37 199.895 199.913 -9999 -9999 -9999 -9999 -9999
203.428 203.367 193.272 203.167 203.075 203.009 202.891 202.84 202.721 192.678 202.607 202.572 202.5 202.47 202.424 192.382 192.274 202.27 202.17 202.132 202.078 192.002 191.913 201.86 201.914 201.89 201.892 201.786 191.736 191.702 201.677 201.598 201.551 201.496 191.432 201.352 201.289 201.188 201.102 190.955 200.908 200.899 200.858 200.778 200.7 200.606 200.544 190.478 190.406 200.344 200.273 200.173 190.318 199.97 199.894 199.798 199.704 199.6 190.318 199.416 190.318 199.356 199.371 199.376 190.318 199.539 199.996 200.018 -9999 -9999 -9999 -9999 -9999
203.562 203.467 193.375 203.327 203.189 203.116 203.025 202.947 192.807 192.812 202.706 202.669 202.615 202.605 192.531 192.467 192.399 202.399 202.319 202.233 202.19 192.131 192.055 201.982 201.985 201.988 201.977 201.902 191.872 191.813 201.791 201.717 201.662 201.611 191.558 201.459 201.394 201.287 201.187 191.037 200.979 201.005 200.98 200.89 200.797 200.707 190.637 190.592 200.514 200.442 200.374 190.318 200.172 200.096 199.989 199.91 199.789 199.698 190.318 190.318 190.318 199.456 199.474 199.474 190.318 199.569 200.097 200.118 -9999 -9999 -9999 -9999 -9999
203.675 203.603 193.492 203.429 203.33 203.242 203.126 203.068 192.951 202.918 202.828 202.77 202.72 192.69 192.622 192.608 192.531 202.51 202.453 202.355 192.293 192.226 192.159 202.102 202.132 202.113 202.07 192.007 191.995 201.949 201.893 201.814 201.774 201.729 191.658 201.581 201.52 201.436 191.311 191.167 201.095 201.102 201.098 200.995 200.923 190.829 190.748 200.685 200.633 200.562 200.491 200.4 200.282 200.196 200.113 199.998 199.912 199.808 199.709 190.318 190.318 199.563 199.582 199.581 190.318 199.688 200.212 200.219 -9999 -9999 -9999 -9999 -9999
203.752 203.728 193.64 203.547 203.43 203.357 203.242 193.16 203.079 203.037 202.928 202.904 202.839 192.794 202.747 192.69 192.657 202.65 202.548 202.454 192.419 202.345 192.275 202.211 202.224 202.231 202.223 192.141 202.084 202.034 201.999 201.946 201.889 201.83 201.765 201.701 201.642 191.533 201.416 191.302 201.2 201.232 201.231 201.114 201.027 190.934 200.86 200.807 200.728 200.676 200.606 200.518 200.387 200.3 200.227 200.118 200.008 199.922 199.799 190.318 190.318 199.652 199.673 199.681 190.318 199.818 200.318 200.32 -9999 -9999 -9999 -9999 -9999
203.917 193.828 193.771 203.685 203.566 203.454 203.378 193.287 203.181 203.187 203.07 202.995 192.953 192.915 192.842 192.812 202.75 202.729 202.688 192.582 202.53 202.497 192.395 202.315 202.335 202.354 202.313 192.247 202.218 202.159 202.119 202.068 202.002 201.946 201.878 201.794 191.734 191.643 201.548 191.418 201.313 201.326 201.353 201.245 201.133 191.036 200.98 200.919 200.858 200.785 200.709 200.612 200.493 200.411 200.338 200.237 200.12 200.033 199.906 190.318 190.318 199.766 199.797 190.318 190.318 199.842 200.402 200.416 -9999 -9999 -9999 -9999 -9999
194.053 194.019 203.895 203.776 203.72 203.596 193.497 193.447 203.34 203.257 203.205 203.146 193.064 193.041 192.965 192.911 202.865 202.856 192.776 192.709 202.643 202.59 192.495 202.437 202.428 202.421 192.417 192.334 202.312 202.29 202.247 202.169 202.113 202.071 201.993 191.927 191.844 201.785 201.656 191.51 201.435 201.447 201.449 201.34 201.242 201.155 201.095 201.024 200.978 200.897 200.817 200.734 200.619 200.508 200.44 200.351 200.239 200.134 190.318 190.318 190.318 199.876 199.902 190.318 190.318 199.913 200.507 200.519 -9999 -9999 -9999 -9999 -9999
194.194 204.131 204.057 203.917 203.85 203.725 193.645 203.541 203.467 203.418 203.314 193.243 193.202 193.141 193.067 193.023 202.982 202.961 192.909 202.8 202.766 202.701 192.596 202.549 202.577 202.542 192.539 202.437 202.413 202.412 202.317 202.279 202.249 202.179 202.098 192.018 201.943 201.886 201.803 191.662 201.557 201.55 201.565 201.461 201.346 201.292 201.189 201.148 201.082 201.018 200.936 200.849 200.735 200.623 200.54 200.467 200.354 200.249 190.318 190.318 190.318 199.964 199.991 190.318 190.318 200.018 200.576 200.609 -9999 -9999 -9999 -9999 -9999
204.35 204.276 204.19 204.106 203.991 193.859 193.749 203.685 203.587 203.512 203.456 193.369 203.305 203.263 203.183 193.155 203.132 193.029 193.03 202.94 202.895 202.825 192.728 202.665 202.674 202.673 192.618 202.561 202.553 202.519 202.452 202.393 202.358 202.272 202.22 192.115 202.081 202.007 201.938 191.8 201.676 201.673 201.655 201.569 201.451 201.405 201.325 201.265 201.211 201.141 201.032 200.959 200.85 200.757 200.654 200.56 200.461 190.361 190.318 190.318 190.318 200.079 200.102 190.318 190.318 200.036 200.666 200.694 -9999 -9999 -9999 -9999 -9999
204.49 204.406 204.291 204.231 204.143 194.028 203.865 203.829 203.707 203.634 193.569 203.505 203.435 203.367 203.312 203.277 203.214 193.174 203.136 203.072 202.992 192.917 192.848 202.81 202.796 192.768 192.755 202.672 202.646 202.639 202.557 202.52 202.474 202.366 202.342 192.235 202.194 202.141 202.029 191.904 201.783 201.789 201.772 201.703 201.581 201.524 201.434 201.393 201.319 201.254 201.156 201.081 200.964 200.848 200.762 200.681 190.581 190.478 200.361 190.318 190.318 200.183 200.196 190.318 190.318 200.279 200.767 200.788 -9999 -9999 -9999 -9999 -9999
204.625 204.532 204.464 194.373 194.285 204.163 204.032 203.949 203.86 193.76 193.682 203.617 203.56 203.486 203.408 203.385 193.338 193.267 203.269 203.172 203.093 193.051 192.953 202.902 202.919 192.916 202.838 202.815 202.794 202.745 202.671 202.604 202.603 202.514 202.447 192.342 202.302 202.239 202.137 192.034 201.927 201.911 201.884 201.82 201.719 201.636 201.547 201.501 201.449 201.381 201.29 201.203 201.08 200.961 200.886 190.785 190.665 200.58 200.462 190.394 190.319 200.284 200.306 190.318 190.318 200.332 200.839 200.874 -9999 -9999 -9999 -9999 -9999
204.781 204.68 194.586 194.537 204.426 204.295 204.183 204.094 193.991 193.863 203.83 203.706 203.654 203.612 203.547 193.493 193.465 203.383 203.344 203.274 193.231 203.141 203.073 193.005 203.006 193.034 202.982 202.897 202.893 202.866 202.829 202.745 202.732 202.599 202.566 192.474 202.436 202.354 202.25 192.138 202.04 202.048 202.01 201.92 201.82 201.777 201.671 201.629 201.568 201.491 201.412 201.334 201.19 201.07 190.993 190.906 200.793 200.686 200.576 190.507 190.423 200.397 200.418 190.426 190.392 200.321 200.934 200.973 -9999 -9999 -9999 -9999 -9999
204.916 194.799 194.734 204.655 204.551 204.414 204.287 204.211 194.099 204.003 203.933 203.821 203.789 203.711 193.671 193.644 203.575 203.495 203.487 193.396 193.332 203.282 203.194 193.1 203.133 193.125 203.085 203.049 203.019 202.959 202.922 202.855 202.841 202.727 192.686 192.607 202.557 202.481 202.385 192.262 202.162 202.174 202.119 202.05 201.961 201.893 201.806 201.742 201.677 201.621 201.529 201.446 201.326 191.205 191.104 201.021 200.902 200.808 200.698 190.612 190.542 200.514 200.515 190.527 190.474 200.436 201.046 201.072 -9999 -9999 -9999 -9999 -9999
205.033 194.928 204.854 204.769 204.678 204.542 204.405 194.327 204.219 204.111 204.04 203.959 203.911 203.84 193.78 203.723 203.686 203.632 203.604 203.521 203.463 203.398 193.325 193.247 203.224 203.233 203.211 203.124 203.132 203.089 203.032 202.963 202.953 202.85 192.816 202.712 202.675 202.637 202.53 192.383 202.278 202.278 202.233 202.171 202.057 202.004 201.912 201.863 201.789 201.742 201.654 201.547 191.431 191.328 201.229 201.144 201.016 200.921 190.812 190.728 190.65 200.617 200.631 190.633 190.6 200.496 201.124 201.17 -9999 -9999 -9999 -9999 -9999
195.146 195.029 204.97 204.884 204.765 204.676 194.516 194.402 204.336 204.216 204.164 204.07 204.01 203.956 193.887 203.856 203.79 203.717 203.693 203.641 203.547 203.485 193.441 203.357 203.321 203.316 203.305 203.279 203.22 203.209 203.184 203.081 203.06 202.955 192.934 202.833 202.806 202.74 202.589 192.498 202.411 202.4 202.363 202.279 202.186 202.136 202.057 201.961 201.922 201.86 201.755 191.686 191.566 201.442 201.358 201.262 201.145 191.034 190.93 200.844 190.747 200.738 200.759 190.759 190.723 200.608 201.257 201.274 -9999 -9999 -9999 -9999 -9999
195.222 205.127 205.072 204.968 204.888 194.772 194.631 204.498 204.431 204.307 204.246 204.183 204.128 204.064 194.007 203.961 203.908 203.842 203.834 203.756 203.691 203.605 193.534 193.477 203.447 203.468 203.434 203.377 203.363 203.31 203.291 203.191 203.162 203.073 193.042 202.932 202.919 202.839 202.725 192.612 202.526 202.517 202.464 202.406 202.311 202.257 202.182 202.078 202.036 201.954 201.886 191.812 201.693 201.564 201.488 201.389 191.274 191.147 201.04 200.965 190.877 200.846 200.852 190.858 190.841 200.709 201.352 201.372 -9999 -9999 -9999 -9999 -9999
195.315 205.17 205.171 205.073 194.981 194.858 204.752 204.597 204.516 204.441 204.374 204.265 194.231 194.175 204.102 204.047 204.032 203.973 203.94 203.869 203.807 193.728 193.648 193.586 203.547 203.556 203.544 203.479 203.449 203.45 203.398 203.322 203.308 193.202 203.162 203.066 203.018 202.962 202.844 192.74 192.636 202.635 202.592 202.539 202.432 202.384 202.295 202.206 202.159 202.074 192.003 201.925 201.818 201.68 201.605 191.509 191.389 201.274 201.164 191.067 190.994 200.956 200.969 190.988 190.945 200.76 201.437 201.474 -9999 -9999 -9999 -9999 -9999
195.372 205.271 205.236 195.155 195.09 204.944 204.828 204.703 204.628 204.521 204.462 204.383 194.339 194.267 204.231 204.179 204.113 204.086 204.053 203.956 193.896 193.854 193.782 203.684 203.671 203.701 203.663 203.636 203.573 203.562 203.519 203.457 193.402 193.336 203.301 203.2 203.143 203.07 202.974 192.852 192.744 202.749 202.715 202.652 202.564 202.505 202.429 202.342 192.278 192.207 202.144 202.06 201.941 201.81 191.718 191.629 201.507 201.394 201.286 191.208 191.112 201.073 201.107 191.104 191.047 200.922 201.56 201.574 -9999 -9999 -9999 -9999 -9999
195.501 205.335 205.303 195.232 205.178 205.039 204.928 204.805 204.707 204.611 204.546 194.476 194.42 194.379 204.289 204.3 204.266 204.182 204.145 194.096 194.022 203.977 193.892 193.807 203.793 203.808 203.788 203.725 203.689 203.703 203.61 203.563 193.524 203.443 203.41 203.32 203.261 203.193 203.08 192.976 202.893 202.862 202.839 202.768 202.697 202.633 202.547 202.465 192.402 202.354 202.267 202.167 202.057 191.938 191.833 201.758 201.642 201.525 201.425 201.329 191.245 201.194 201.219 191.213 191.172 201.051 201.651 201.66 -9999 -9999 -9999 -9999 -9999
195.501 205.43 195.382 195.316 205.27 205.126 205.036 204.88 204.826 204.701 194.621 194.593 194.539 204.491 204.429 204.412 204.361 204.307 204.278 194.196 204.13 204.106 204.01 193.94 203.919 203.924 203.891 203.864 203.787 203.807 203.747 203.667 193.645 193.551 203.528 203.452 203.409 203.304 203.221 193.109 203.006 202.98 202.972 202.902 202.81 202.759 202.667 192.597 202.528 202.477 202.384 202.288 202.207 192.079 201.968 201.885 201.756 201.655 201.543 201.444 191.37 201.318 201.357 191.335 191.3 201.191 201.757 201.766 -9999 -9999 -9999 -9999 -9999
205.576 195.502 195.454 205.362 205.314 205.166 205.101 205.003 204.912 194.8 194.722 194.675 194.636 204.584 204.543 204.468 204.468 204.424 204.403 204.315 204.243 204.182 204.14 194.034 204.006 204.05 204.023 204.019 203.927 203.923 203.865 203.811 203.758 203.678 203.643 203.577 203.497 203.418 203.343 193.233 203.109 203.101 203.085 203.037 202.923 202.889 202.795 192.716 202.658 202.604 202.531 202.427 202.334 202.213 202.1 202.012 201.882 201.785 201.675 201.587 191.481 201.452 201.472 191.445 191.404 201.323 201.852 201.862 -9999 -9999 -9999 -9999 -9999
205.623 195.563 205.544 205.445 205.357 205.289 205.199 205.084 205.023 194.889 194.846 194.771 194.753 204.678 204.652 204.617 204.585 204.498 204.516 204.433 204.36 204.305 204.212 194.168 204.129 204.149 204.125 204.107 204.047 204.044 203.976 203.908 203.9 203.801 203.764 203.694 203.641 203.536 203.452 193.393 193.251 203.235 203.22 203.172 203.064 203.025 192.916 192.852 202.776 202.727 202.649 202.553 202.453 202.332 202.218 202.131 202.017 201.914 201.786 191.7 191.599 191.571 201.599 191.576 191.528 201.421 201.921 201.953 -9999 -9999 -9999 -9999 -9999
205.686 195.62 205.586 205.521 205.424 205.371 205.29 205.194 195.111 194.998 194.937 194.878 204.841 204.797 204.763 204.72 204.704 204.638 204.634 204.523 204.456 204.431 204.339 194.252 204.25 204.3 204.259 204.231 204.143 204.123 204.113 204.036 203.992 203.939 203.859 203.808 203.763 203.687 203.58 193.483 193.378 203.36 203.359 203.317 203.188 193.159 193.058 202.989 202.901 202.869 202.765 202.677 202.574 202.458 202.349 202.261 202.153 202.061 201.918 191.837 191.734 201.68 201.724 191.699 191.671 201.578 202.035 202.058 -9999 -9999 -9999 -9999 -9999
205.771 195.703 205.664 205.599 205.53 205.461 205.368 205.269 195.222 195.112 205.047 194.969 204.964 204.927 204.84 204.808 204.84 204.768 204.745 204.642 204.6 204.526 194.447 194.39 204.347 204.387 204.358 204.333 204.267 204.275 204.23 204.17 204.12 204.077 204.005 203.927 203.848 203.798 203.716 193.62 193.526 203.49 203.474 203.437 203.317 193.278 203.192 203.107 203.03 202.994 202.898 202.809 202.704 202.603 202.478 202.398 202.274 202.177 202.055 191.966 191.861 201.82 201.836 191.834 191.767 201.676 202.14 202.167 -9999 -9999 -9999 -9999 -9999
195.864 195.805 205.742 205.677 205.615 205.54 205.423 205.357 195.306 195.201 205.144 195.102 205.043 205.05 204.991 204.933 204.923 204.892 204.848 204.768 204.715 194.646 194.571 194.501 204.486 204.485 204.467 204.467 204.395 204.394 204.327 204.263 204.248 204.189 204.144 204.06 203.992 203.936 203.867 193.742 193.609 203.619 203.612 203.573 203.446 193.396 203.318 203.224 203.156 203.127 203.034 202.942 202.835 202.731 202.605 202.515 202.402 202.292 192.189 192.106 191.997 201.948 201.95 191.965 191.907 201.833 202.238 202.264 -9999 -9999 -9999 -9999 -9999
195.941 195.842 205.819 205.771 205.695 205.649 205.569 195.46 195.421 195.304 205.244 195.216 205.159 205.16 205.108 205.044 205.045 205.01 204.96 204.887 204.814 194.791 204.697 194.626 204.594 204.622 204.6 204.593 204.475 204.483 204.457 204.43 204.371 204.312 204.26 204.181 204.122 204.075 193.955 193.857 203.745 203.771 203.757 203.691 203.58 193.513 203.463 203.363 203.307 203.247 203.168 203.087 202.981 202.851 202.726 202.648 202.544 202.435 192.328 202.245 192.132 202.07 202.089 192.089 192.048 201.928 202.374 202.38 -9999 -9999 -9999 -9999 -9999
205.996 205.936 205.923 205.846 205.781 205.744 205.656 195.555 195.521 205.416 205.353 195.324 205.276 205.283 205.228 205.195 205.171 205.103 205.085 194.997 194.935 204.885 204.809 194.752 204.704 204.721 204.686 204.687 204.616 204.642 204.589 204.538 204.499 204.442 204.376 204.314 204.229 194.156 194.078 193.989 203.879 203.879 203.874 203.832 203.724 203.662 203.598 203.496 203.43 203.398 203.313 203.226 203.111 202.986 202.86 202.792 202.684 192.555 192.462 202.368 192.253 202.206 202.209 192.214 192.157 202.093 202.446 202.496 -9999 -9999 -9999 -9999 -9999
206.076 205.997 205.996 205.965 205.886 205.813 195.738 195.663 195.577 205.514 205.465 195.418 205.394 205.399 205.319 205.278 205.263 205.256 205.195 195.116 205.053 205.015 204.932 194.859 204.831 204.83 204.81 204.841 204.753 204.72 204.714 204.675 204.638 204.59 204.499 204.433 194.364 194.309 204.209 194.111 194.003 203.979 204.01 203.966 203.85 203.786 203.714 203.646 203.582 203.537 203.444 203.343 203.242 203.123 202.996 202.922 192.831 192.701 202.603 202.497 192.377 202.328 202.342 192.347 192.297 202.184 202.566 202.594 -9999 -9999 -9999 -9999 -9999
