DataInput/LayerGeneration/dem_ldd.asc
ncols         973
nrows         552
xllcorner     1035765.8058101
yllcorner     6863341.1963236
cellsize      2
NODATA_value  -9999
[rows 330 to 362 of 552, columns 438 to 510 of 973]
214.184 214.1 214.063 213.983 214.014 213.912 203.845 203.793 213.764 213.73 213.702 213.531 213.436 213.354 213.283 203.224 213.126 213.057 202.983 212.91 212.908 212.813 202.713 202.62 212.533 212.406 202.317 202.311 212.23 212.226 212.158 212.133 212.054 202.014 201.941 201.812 211.745 211.706 211.629 211.585 211.503 201.444 211.454 201.364 201.235 211.199 211.188 211.066 211.007 211.007 210.952 210.915 210.863 200.686 210.66 210.689 210.642 210.561 210.485 210.361 210.305 210.299 210.245 210.215 210.103 209.991 210.09 210.002 209.92 209.888 209.796 209.744 209.599
214.294 214.199 214.154 214.125 214.08 214.006 203.927 213.88 213.912 213.772 213.672 213.67 213.551 213.42 203.401 203.271 203.219 203.203 213.109 213.018 212.923 202.869 202.858 212.678 212.648 202.542 202.453 212.302 212.332 212.252 212.257 212.179 202.165 202.025 201.963 211.941 211.888 211.766 211.687 211.672 201.579 201.588 211.441 201.422 211.366 211.334 211.307 211.139 211.058 211.122 211.014 210.992 200.962 200.92 200.686 210.727 210.72 210.651 210.532 210.495 210.411 210.404 210.305 210.293 210.194 210.088 210.158 210.082 210.038 209.986 209.924 209.856 209.725
214.408 214.264 214.25 214.191 214.144 214.101 204.011 213.998 213.949 213.906 213.859 213.701 213.635 203.55 203.477 213.381 203.32 213.256 213.217 213.115 213.055 212.986 202.858 212.88 202.744 202.607 212.527 212.516 212.398 212.305 212.319 202.231 202.219 202.164 202.077 212.064 211.917 211.893 211.844 201.804 201.757 201.599 201.571 211.539 211.464 211.364 211.322 211.246 211.146 211.133 211.074 201.09 201.037 210.97 200.881 200.693 210.759 210.739 210.704 210.573 210.492 210.405 210.385 210.361 210.349 210.2 210.161 210.083 210.108 210.024 209.936 209.918 209.822
214.46 214.431 214.253 214.255 214.234 214.202 204.159 214.043 214 213.967 213.894 213.821 203.786 203.644 213.556 203.525 213.4 213.314 213.283 213.244 213.157 203.073 212.977 202.981 202.776 212.735 212.611 212.564 212.531 212.484 202.391 202.298 202.256 202.247 212.121 212.094 212.049 211.978 201.891 201.855 211.788 201.76 211.714 211.589 211.52 211.479 211.343 211.357 211.282 201.2 201.2 201.092 211.079 211.053 200.997 200.856 200.808 210.797 210.714 210.603 210.566 210.54 210.519 210.488 210.389 210.367 210.232 210.192 210.153 210.129 209.979 209.991 209.888
214.52 214.499 214.458 214.321 214.317 204.294 204.162 204.21 214.085 214.067 214.058 213.895 203.807 213.78 203.707 203.608 213.516 213.421 213.368 213.327 203.197 213.161 213.135 202.984 212.92 212.876 212.722 212.713 212.604 212.509 202.421 202.422 202.387 202.272 202.249 212.131 212.147 212.036 201.984 211.926 211.904 201.793 201.76 211.668 211.614 211.562 211.468 211.383 201.346 201.303 201.237 211.223 211.146 201.095 201.021 211.046 200.808 210.873 210.812 210.752 210.604 210.589 210.501 210.519 210.493 210.452 210.367 210.264 210.215 210.134 210.104 210.083 209.971
214.673 214.553 214.513 214.462 204.423 204.348 204.29 214.236 214.148 214.132 214.035 204.063 204.002 203.881 203.756 213.749 213.627 213.546 213.489 213.409 213.355 213.263 203.153 203.136 213.075 212.967 212.863 212.75 212.655 202.622 202.555 202.444 212.435 212.396 202.327 202.249 212.185 212.11 202.06 202.035 211.964 211.891 201.839 211.803 211.729 211.659 211.581 201.477 201.403 211.383 201.312 211.285 211.247 201.207 211.184 211.069 201.03 200.808 210.933 210.852 210.812 210.673 210.619 210.547 210.515 210.519 210.482 210.348 210.342 210.236 210.17 210.17 210.13
214.725 214.69 214.648 204.544 204.442 204.416 214.378 214.322 214.225 214.215 214.144 204.138 214.076 203.964 213.913 213.79 213.71 213.595 213.518 213.506 213.383 213.345 203.274 213.196 213.111 213.058 212.94 212.832 202.803 212.706 202.622 212.573 212.527 212.474 212.405 202.347 212.209 202.248 202.162 212.079 212.025 212.011 211.926 201.845 211.767 211.694 211.679 201.58 211.516 201.408 201.438 211.407 201.346 211.257 211.252 211.155 201.106 201.043 200.922 210.962 210.901 210.833 210.715 210.658 210.582 210.584 210.516 210.452 210.408 210.333 210.279 210.246 210.186
214.796 214.73 204.653 204.693 204.577 204.488 214.438 214.378 214.328 214.257 204.222 204.178 204.134 214.041 214.015 213.913 213.853 213.711 213.645 213.538 213.545 213.483 203.298 203.325 213.224 213.131 213.098 203.015 202.882 212.794 202.713 212.64 212.576 212.534 202.511 212.459 202.438 202.256 212.187 212.14 212.114 212.068 202.035 201.874 201.849 201.787 201.742 201.688 201.614 201.498 211.492 201.457 201.416 211.318 211.267 201.281 201.206 211.118 200.922 210.96 210.949 210.865 210.77 210.771 210.632 210.648 210.64 210.546 210.469 210.412 210.402 210.361 210.235
214.831 214.837 204.753 204.739 204.682 214.545 214.542 214.505 214.376 214.347 214.319 204.289 204.237 214.22 214.065 214.002 213.923 213.838 213.696 213.669 213.582 203.526 213.49 213.345 213.282 213.231 203.189 203.123 213.003 202.886 202.851 212.748 212.682 202.6 212.592 202.529 202.402 212.391 212.349 212.28 212.192 202.108 202.092 212.112 201.982 201.91 211.86 201.719 201.665 201.648 211.508 201.513 201.479 211.386 211.375 211.289 211.3 211.186 201.207 200.922 211.053 210.976 210.884 210.822 210.769 210.715 210.729 210.677 210.627 210.476 210.472 210.429 210.298
214.886 204.933 204.896 204.801 214.73 214.69 214.582 214.538 214.551 214.464 204.384 204.341 204.324 214.254 214.176 214.109 214.031 213.973 213.891 213.693 203.67 203.625 213.591 213.499 213.378 203.361 203.277 213.215 203.124 202.97 212.874 212.823 202.803 202.728 212.647 202.571 202.537 212.486 212.381 212.365 212.33 202.226 212.154 202.148 212.076 211.973 211.923 201.794 211.789 211.69 211.734 201.589 211.511 211.534 211.469 211.39 211.316 211.336 211.202 201.097 201.043 211.121 211.003 210.952 210.778 210.743 210.828 210.772 210.687 210.631 210.531 210.453 210.328
204.967 204.982 204.904 214.882 214.866 214.76 214.706 214.617 214.607 214.576 204.478 204.445 204.331 214.299 214.281 214.154 214.145 214.04 213.942 213.826 203.767 213.692 213.711 213.597 213.441 203.44 213.402 213.287 203.205 213.109 212.995 212.944 202.885 212.733 212.763 202.715 212.633 212.548 212.485 212.389 202.392 212.345 202.237 202.203 212.131 212.026 202.009 201.952 211.816 211.743 211.769 201.692 201.662 211.607 211.562 211.509 211.433 201.388 201.282 211.239 201.054 201.135 211.14 211.017 210.922 210.897 210.812 210.789 210.756 210.689 210.656 210.539 210.435
205.065 214.989 205.067 204.981 214.913 214.849 214.845 214.775 214.681 204.66 204.565 214.473 204.508 214.416 214.287 214.285 214.197 214.13 214.112 204.004 213.891 213.796 213.727 213.675 203.63 213.507 213.482 213.368 203.306 213.186 213.129 213.013 202.942 212.917 202.867 202.778 212.714 212.674 212.574 212.524 212.436 212.422 202.327 202.3 212.243 202.207 202.134 212.079 211.974 211.872 201.885 201.745 211.744 211.668 211.628 211.583 211.505 201.463 211.352 211.325 211.347 201.054 211.158 211.128 211.05 210.982 210.894 210.843 210.865 210.852 210.725 210.662 210.503
205.169 205.11 215.064 205.05 214.998 214.992 214.919 214.813 204.748 204.671 214.683 214.564 204.552 204.508 214.432 214.366 214.269 214.272 214.178 204.109 214.005 213.838 213.783 203.764 203.697 213.599 213.534 203.447 203.416 213.357 213.217 213.143 213.077 212.953 212.882 202.88 212.799 212.771 212.687 212.595 212.493 212.48 202.414 212.329 202.339 202.246 212.172 212.145 212.076 202.012 201.942 211.895 211.761 211.71 211.726 211.66 211.582 201.573 201.493 211.414 211.361 201.303 201.119 211.296 211.168 211.119 211.007 210.949 210.91 210.936 210.802 210.718 210.586
215.199 205.196 215.145 205.083 205.08 215.056 214.967 214.911 204.872 214.8 214.783 214.703 204.602 204.563 214.482 214.451 214.363 214.281 204.276 204.117 214.07 213.979 203.96 203.867 213.766 213.753 203.659 203.589 213.465 213.386 213.298 213.275 213.141 213.036 202.987 202.925 212.901 212.839 212.783 212.729 212.627 212.533 202.508 212.46 202.368 212.315 212.34 212.21 202.129 202.162 212.124 211.952 211.874 211.846 211.797 211.757 201.706 201.578 201.536 211.446 211.454 211.38 201.233 201.249 211.303 211.201 211.12 211.04 210.986 210.96 210.93 210.831 210.763
215.282 205.228 215.209 205.234 205.135 215.112 215.095 204.979 214.97 214.89 214.833 204.794 204.677 214.658 214.667 214.536 214.475 204.42 204.316 214.297 214.203 204.068 203.998 213.955 213.889 213.848 203.786 213.588 213.586 213.554 213.354 213.355 213.28 213.208 203.11 213.006 212.965 212.846 212.836 212.791 212.659 212.649 202.545 212.525 202.455 212.431 212.383 202.317 202.236 212.199 212.132 212.078 212.028 211.941 201.871 201.84 201.765 201.753 211.665 211.534 211.496 211.46 211.397 201.233 211.373 211.327 211.229 211.176 211.102 211.016 210.992 210.977 210.813
205.381 215.349 215.261 205.209 205.208 215.167 205.171 205.104 215.012 214.958 214.868 204.873 214.825 214.731 214.66 214.662 214.551 204.471 214.455 214.391 204.278 204.217 214.128 214.056 213.978 213.929 203.815 213.817 213.698 213.606 213.53 213.418 213.37 203.261 203.214 213.153 213.082 212.975 212.92 212.854 212.824 212.702 202.686 202.662 212.589 212.463 212.468 202.389 212.345 212.288 212.268 212.19 212.089 202.016 201.95 201.858 201.789 201.784 211.756 211.691 211.606 211.569 211.507 201.486 201.25 211.38 211.31 211.304 211.192 211.182 211.101 211.078 210.929
205.484 215.42 215.326 205.365 215.271 215.201 205.206 215.193 215.1 215.028 205.013 204.934 214.841 214.82 214.74 214.714 204.647 214.581 214.525 214.43 204.344 214.328 214.169 214.138 214.015 204.035 203.984 213.849 213.78 213.728 213.66 213.548 203.504 203.363 213.247 213.232 213.168 213.072 213.024 212.928 212.866 202.826 202.757 202.709 212.687 212.578 202.517 202.526 212.424 212.344 212.332 212.21 202.191 202.117 202.077 211.969 201.908 201.872 211.834 211.774 211.685 211.646 211.623 201.499 201.423 201.305 211.423 211.327 211.315 211.197 211.155 211.151 211.009
215.573 215.543 205.456 205.374 215.368 215.294 205.261 205.263 215.186 215.158 205.073 205.008 214.964 214.924 214.841 204.8 204.755 214.663 214.58 204.574 214.509 214.395 214.329 214.182 204.19 204.124 213.981 214.002 213.91 213.805 213.765 203.663 203.54 213.505 213.41 213.337 213.203 213.179 213.089 213.078 203.021 202.911 202.817 212.776 212.775 202.715 202.63 212.514 212.545 212.505 212.499 212.409 202.293 212.242 212.179 212.043 201.998 211.955 211.891 211.804 211.778 211.729 211.713 201.591 211.581 201.319 211.467 211.448 211.343 211.328 211.286 211.251 211.066
215.693 205.579 205.52 215.446 215.454 215.399 215.356 205.344 215.347 215.192 205.098 215.098 215.045 215.028 204.931 204.866 214.772 214.71 204.685 204.594 214.575 214.504 214.426 214.295 204.245 204.171 214.16 214.041 213.949 213.91 203.85 203.795 213.668 213.607 213.535 213.396 213.369 213.215 213.169 203.165 203.021 202.992 212.933 212.878 212.816 202.71 212.711 212.616 212.676 212.529 212.574 202.457 202.355 212.299 212.209 202.191 202.113 212.047 211.983 211.94 211.828 211.801 201.744 201.722 211.644 211.651 201.319 211.54 211.454 211.449 211.319 211.261 211.177
215.782 205.712 215.608 215.569 215.55 215.474 205.384 205.366 215.363 215.317 215.228 205.178 215.168 215.038 205.019 214.946 214.898 214.86 204.752 204.676 214.681 214.644 214.553 214.413 214.332 204.314 214.223 214.149 214.06 204.011 203.919 213.825 213.808 213.646 213.634 213.536 213.476 213.355 213.28 203.203 203.206 213.099 212.972 212.974 202.912 202.8 212.823 212.693 212.695 212.671 212.623 202.588 202.456 212.348 212.331 202.216 212.191 212.098 212.084 211.974 211.973 201.855 201.829 211.788 211.735 201.645 201.631 201.479 211.599 211.518 211.44 211.36 211.258
205.833 215.786 215.691 215.677 215.617 215.524 205.475 215.46 215.463 215.407 215.384 205.241 205.242 215.169 205.05 205.054 214.98 214.906 204.88 204.757 204.73 214.683 214.573 214.542 204.426 204.386 214.289 214.223 214.179 214.077 204.063 213.977 213.851 213.788 213.683 213.674 213.579 213.436 203.339 213.331 203.267 213.162 213.124 213.06 202.989 212.979 212.88 212.825 212.755 212.784 202.696 202.636 212.557 212.48 202.375 202.325 212.293 212.225 212.228 212.083 201.976 202.004 211.989 211.831 211.801 211.743 211.755 201.643 201.6 211.617 211.524 211.538 211.394
215.986 215.919 215.834 215.738 215.647 215.632 205.539 215.504 215.542 215.484 215.382 215.344 215.275 215.272 215.26 205.135 205.054 215.029 204.933 204.894 214.765 214.769 214.762 214.63 204.522 214.485 214.412 214.367 214.233 204.139 204.083 214.095 213.948 213.872 213.79 213.699 213.63 203.612 213.472 203.438 203.376 213.258 213.16 213.132 203.082 213.057 212.965 212.937 212.865 202.81 202.804 212.748 212.663 212.582 202.467 202.425 212.338 212.292 212.25 212.191 202.127 212.018 211.996 211.927 211.906 211.823 211.823 201.805 201.6 211.724 211.678 211.588 211.49
216.025 215.991 215.908 215.84 215.813 205.692 215.676 215.617 215.562 215.514 215.531 215.451 215.405 215.291 215.279 205.224 215.129 215.089 205.066 204.953 214.909 214.83 214.78 204.781 204.681 214.539 214.475 214.439 204.387 214.29 214.252 214.156 214.111 214.02 213.877 213.833 203.746 203.738 203.609 203.474 213.414 213.403 203.324 203.192 203.126 213.168 213.12 213.011 202.981 202.897 212.887 212.798 212.727 212.716 202.593 212.516 212.479 212.37 202.358 202.278 212.178 212.129 212.082 212.065 211.993 211.881 201.866 201.82 201.859 201.638 211.75 211.655 211.522
216.1 216.06 216.019 215.934 205.853 205.816 215.731 215.693 215.643 215.599 215.588 215.549 215.431 215.389 205.385 215.323 215.223 215.157 205.136 205.109 214.991 214.889 214.863 204.827 214.753 214.667 214.617 204.545 204.491 214.392 214.28 214.257 214.201 214.06 214.028 203.9 203.84 213.782 203.699 213.628 213.518 203.457 203.412 213.34 213.23 213.188 213.201 203.08 202.978 213.036 213.006 212.9 212.865 212.816 202.67 202.593 212.549 212.514 202.414 212.371 212.3 212.221 212.182 212.103 212.092 202.006 202.027 211.927 211.857 201.796 201.845 211.821 211.671
216.212 216.128 216.084 206.049 205.945 215.879 215.861 215.771 215.699 215.656 215.628 215.582 215.576 205.485 205.453 215.419 215.358 205.238 205.203 205.169 215.115 214.999 214.93 204.859 214.876 214.793 204.695 204.642 214.578 214.492 214.399 214.293 214.281 214.273 204.096 204.02 213.94 203.852 203.885 213.774 203.627 203.566 213.47 213.426 213.329 213.251 213.229 203.195 213.175 213.04 213.05 213.069 212.871 212.861 212.8 202.755 212.683 202.568 202.507 212.472 212.422 212.304 212.244 212.195 212.161 202.088 212.089 212.01 201.981 201.977 201.796 211.881 211.744
216.29 216.205 216.191 206.126 216.058 216.015 215.975 215.881 215.824 215.695 215.7 215.717 205.626 205.614 215.495 215.498 205.461 205.352 205.32 215.256 215.185 215.09 204.992 204.982 214.942 214.874 204.794 214.708 214.645 214.636 214.514 214.412 214.383 204.281 204.261 214.151 204.069 213.985 213.901 213.795 203.753 213.692 213.621 213.548 213.415 213.301 213.326 213.331 213.208 213.124 213.094 213.114 213.01 212.955 212.92 202.818 202.762 202.743 212.665 212.546 212.5 212.414 212.343 212.345 202.272 212.136 212.137 212.118 202.111 201.979 202.005 201.798 211.872
216.379 216.253 216.239 206.216 216.169 216.065 216.014 215.964 215.86 215.853 215.8 215.777 205.74 205.685 215.606 205.545 205.515 215.452 215.378 205.32 215.305 215.206 205.112 215.033 214.992 214.997 214.884 214.849 214.735 214.696 214.659 214.545 214.477 204.385 214.327 204.291 204.113 214.131 213.984 203.93 203.904 213.751 213.646 213.628 213.528 213.49 213.401 213.343 213.373 213.239 213.278 213.177 213.149 213.032 202.916 202.913 202.836 212.787 212.739 212.636 212.601 212.534 212.493 202.368 212.306 212.34 212.281 202.199 212.164 212.079 202.103 202.018 202.003
216.464 216.425 216.354 206.334 216.295 216.155 216.123 216.065 215.989 215.91 215.877 205.832 205.788 205.777 215.689 215.607 215.602 215.594 205.508 205.399 215.373 205.349 205.221 215.124 215.055 214.985 214.974 214.889 214.835 214.823 214.71 214.602 204.577 214.519 204.457 204.372 214.202 214.134 204.16 214.071 213.956 213.9 213.782 213.674 213.704 213.548 213.432 213.456 213.438 213.386 213.386 213.3 213.213 203.143 203.062 203.04 212.936 212.849 212.833 212.76 212.696 212.585 202.528 202.458 212.47 212.382 202.342 202.31 212.23 212.198 212.165 212.161 202.003
216.491 216.481 216.421 216.35 206.334 216.328 216.231 216.121 216.087 216.012 205.94 205.898 215.875 215.803 215.816 215.749 215.67 215.669 205.607 205.493 215.496 205.408 215.351 215.232 215.175 215.117 215.066 215.039 214.936 214.874 214.847 204.757 204.658 204.571 204.458 214.473 214.402 204.282 204.196 214.144 214.039 214.011 213.949 213.821 213.704 213.647 213.574 213.515 213.49 213.428 213.447 213.361 203.262 203.286 203.208 213.071 213.017 212.931 212.853 212.847 212.745 202.656 202.62 212.609 212.478 202.463 212.422 212.372 212.368 212.259 212.23 212.203 211.954
216.605 216.517 216.49 206.437 216.366 216.378 216.336 216.2 216.165 216.12 206.016 205.967 215.93 215.895 215.881 215.791 215.755 215.712 205.684 205.613 205.519 205.487 215.414 215.344 215.229 215.196 215.194 215.071 215.032 214.99 214.942 204.902 214.784 204.66 214.61 214.546 204.499 204.38 214.307 214.216 214.197 214.154 214.012 213.931 213.853 213.767 213.685 213.6 213.505 213.571 213.495 203.521 203.482 203.324 213.242 213.144 213.084 213.093 212.993 212.86 202.87 202.798 212.731 212.634 202.594 202.535 212.528 212.46 212.382 212.373 212.355 212.242 212.269
216.657 216.612 206.562 206.57 216.507 216.424 216.364 216.325 216.264 216.15 206.162 216.007 215.998 216.028 215.948 215.881 215.857 215.802 205.843 205.7 215.64 215.567 215.534 215.479 215.396 215.273 215.194 215.192 215.144 215.057 205.024 204.911 214.874 204.779 214.706 204.659 204.552 214.514 214.376 214.346 214.306 214.175 214.172 214.045 213.991 213.852 213.758 213.702 213.671 213.582 203.619 203.568 203.48 203.392 213.356 213.314 213.223 213.165 213.049 203.008 203.005 212.897 212.797 212.767 202.726 212.654 212.573 212.507 212.518 212.449 212.399 212.383 212.291
216.823 206.72 216.59 216.604 216.53 216.5 216.492 216.467 216.344 216.268 206.217 206.177 216.112 216.001 216.031 215.98 215.921 215.896 205.868 205.751 215.744 215.643 215.594 215.591 215.489 215.373 215.334 215.19 215.18 215.145 205.108 215.082 205.05 214.866 214.804 204.715 214.67 214.619 214.526 214.397 214.338 214.344 214.217 214.074 214.075 213.936 213.901 213.851 213.728 213.656 203.63 213.653 203.575 203.507 213.406 213.386 213.321 213.205 213.216 203.122 203.005 203.04 212.955 212.877 202.795 212.694 212.661 212.652 212.583 212.53 212.53 212.459 212.421
216.81 206.841 216.768 216.651 216.631 216.57 216.568 216.546 216.466 216.378 206.354 206.273 216.165 216.159 216.061 216.025 216.042 205.957 205.964 215.87 215.823 215.805 215.692 215.607 215.603 215.525 215.384 215.351 215.309 205.243 215.236 205.118 205.092 205.025 204.931 214.838 214.764 214.681 214.587 214.566 214.5 214.385 214.336 214.233 214.165 214.106 213.987 213.87 213.8 203.802 213.73 203.713 203.721 213.671 213.547 213.41 213.414 203.37 203.247 213.179 213.137 203.071 213.075 202.964 202.9 212.814 212.829 212.66 212.676 212.654 212.565 212.534 212.491
