DataInput/LayerGeneration/dem_ldd.asc
ncols         973
nrows         552
xllcorner     1035765.8058101
yllcorner     6863341.1963236
cellsize      2
NODATA_value  -9999
[rows 132 to 164 of 552, columns 219 to 291 of 973]
230.547 230.481 230.381 230.429 230.378 230.337 230.268 230.27 230.212 230.154 230.088 230.031 230.022 229.976 229.899 229.898 229.875 229.762 219.695 219.71 229.641 229.615 229.489 229.468 229.444 229.391 229.388 219.341 229.392 219.2 219.131 229.185 229.139 229.042 228.93 228.9 228.84 228.832 228.75 228.701 218.655 218.607 218.581 218.518 218.472 218.389 218.369 218.361 228.311 218.273 218.281 228.251 228.242 228.139 228.139 228.195 228.215 218.152 217.988 227.932 227.812 227.722 227.654 217.523 217.496 217.381 227.273 227.308 227.294 217.146 217.08 217.046 216.92
230.427 230.455 230.422 230.382 230.309 230.303 230.299 230.208 230.109 230.126 230.135 230.055 229.968 229.963 229.919 229.847 229.817 229.772 229.728 219.641 229.626 229.594 229.536 229.463 229.363 229.373 229.352 219.276 219.27 219.208 219.127 219.119 219.014 219.031 228.983 228.905 218.795 228.774 228.758 228.747 228.564 218.567 218.567 228.516 228.467 228.487 228.458 228.322 228.358 218.213 218.191 228.192 228.184 228.198 228.134 228.155 228.164 227.992 217.806 217.835 227.723 227.57 227.541 227.51 217.411 217.307 217.207 217.196 217.047 217.046 217.046 226.963 226.922
230.387 230.428 230.395 230.286 230.295 230.267 230.239 230.157 230.086 230.077 229.989 229.956 229.938 229.924 229.88 229.84 229.793 229.741 229.634 219.613 219.545 229.467 229.429 229.436 229.38 229.362 229.313 229.158 229.217 229.238 219.201 219.025 219.014 219.014 218.957 218.79 218.79 218.767 228.753 228.653 228.654 228.659 228.525 228.469 228.44 228.331 228.359 228.26 228.242 228.194 218.136 218.136 218.136 218.083 218.06 228.087 228.017 227.812 227.75 217.654 217.627 227.521 217.518 217.319 217.307 227.238 227.131 227.089 227.063 227.111 227.072 226.941 226.927
230.351 230.329 230.27 230.304 230.239 230.219 230.133 230.099 230.095 230.033 229.914 229.885 229.891 229.846 229.783 229.819 229.791 229.684 229.571 229.526 219.535 219.457 229.419 229.378 219.365 219.318 219.259 219.224 219.224 219.148 219.098 219.065 229.02 228.984 228.919 228.893 228.825 218.733 218.734 228.699 228.655 228.552 228.471 228.45 228.345 228.273 228.263 228.234 228.169 228.035 228.149 228.133 228.05 228.06 218.025 217.922 217.823 217.714 217.636 217.563 217.518 217.518 227.331 227.337 227.271 227.192 227.095 227.122 227.053 227.021 226.944 226.903 226.822
230.225 230.234 230.267 230.275 230.161 230.121 230.112 230.1 230.029 229.88 229.916 219.896 219.864 229.769 229.813 229.747 229.713 219.626 219.56 219.544 219.469 219.359 219.382 229.346 219.337 219.316 219.258 229.225 229.179 229.133 229.117 229.083 229.007 228.941 228.933 228.883 228.826 228.749 218.702 218.617 228.467 228.477 228.511 228.391 228.267 228.223 228.209 228.146 228.201 228.147 218.179 218.08 217.972 217.922 217.922 227.718 217.731 227.636 227.588 227.572 227.501 227.465 227.4 227.281 227.223 227.137 227.102 227.021 226.988 226.905 226.892 226.772 226.73
230.142 230.162 230.19 230.16 230.113 230.098 230.065 230.022 229.938 229.952 229.795 229.771 219.75 229.688 229.684 229.695 219.7 219.641 229.541 219.479 219.451 219.391 219.359 219.323 219.323 219.289 219.275 229.237 229.217 229.2 229.127 229.069 228.952 228.932 228.873 228.734 228.696 228.655 228.617 218.58 218.486 228.405 228.346 228.366 228.245 228.285 218.279 218.179 218.179 218.179 227.868 227.944 227.915 227.82 227.788 227.793 227.817 227.661 227.555 227.571 227.515 227.399 227.27 227.272 227.145 227.055 227.002 226.91 226.914 226.788 226.768 226.748 226.756
230.038 230.106 230.076 230.045 230.105 230.016 229.938 229.995 229.922 229.821 229.786 229.755 219.768 219.685 219.685 219.685 219.658 229.558 229.526 229.491 229.462 229.399 229.386 229.347 229.367 229.31 219.185 219.22 229.124 229.16 229.071 228.949 228.939 218.845 218.738 218.704 218.643 218.583 228.511 228.451 218.441 218.432 218.406 218.29 218.279 218.279 227.991 228.088 228.078 228.025 228.05 228.006 227.94 227.892 227.79 227.802 227.746 227.599 227.521 227.476 227.433 227.266 227.246 227.174 227.08 226.967 226.977 226.916 226.769 226.687 226.595 226.628 226.6
230.168 219.943 229.988 229.964 229.912 229.898 229.884 229.867 229.821 229.771 229.806 229.795 229.691 219.685 219.685 229.629 229.592 229.592 229.554 229.556 229.454 229.384 229.36 229.377 229.228 229.232 229.22 219.135 229.095 218.982 218.982 218.942 218.81 218.707 218.627 228.62 218.535 218.483 218.497 218.432 218.432 228.236 228.211 228.212 228.199 228.221 228.162 228.147 228.055 228.01 227.935 227.923 227.796 227.804 227.766 227.685 227.616 227.588 227.506 227.38 227.307 227.252 227.2 227.107 227.02 226.877 226.818 226.761 226.701 226.589 226.641 226.524 226.464
229.992 220.047 219.943 229.899 229.848 229.852 229.862 229.81 229.767 229.821 229.718 229.698 229.66 229.641 229.633 229.598 229.556 229.6 229.497 229.435 229.387 229.36 229.381 229.254 229.137 229.219 219.14 219.049 218.988 218.994 228.807 228.813 218.809 218.702 218.599 218.599 218.443 218.432 218.432 218.432 228.323 228.297 228.276 228.267 228.192 228.187 228.067 227.999 228.025 227.963 227.863 227.853 227.839 227.712 227.666 227.55 227.545 227.444 227.4 227.377 227.264 227.151 227.052 226.973 226.939 226.9 226.759 226.652 226.633 226.552 226.496 226.424 226.348
230.041 229.97 219.834 219.857 229.828 229.815 229.764 229.752 229.686 229.682 229.702 229.707 229.735 229.679 229.553 229.578 229.581 229.517 229.432 229.38 229.35 229.313 229.245 229.22 229.129 229.085 229.006 218.996 218.991 218.9 218.785 218.785 218.702 228.593 228.534 228.473 228.43 228.461 228.427 228.392 228.326 228.229 228.263 228.22 228.132 228.08 228.063 228.063 227.943 227.903 227.812 227.749 227.743 227.615 227.546 227.525 227.464 227.306 227.333 227.263 227.189 227.101 227.052 226.886 226.78 226.716 226.668 226.596 226.517 226.444 226.379 226.314 226.247
-9999 229.874 229.903 219.785 219.823 229.778 229.761 229.793 229.73 229.682 229.697 229.736 229.628 229.603 229.546 229.566 229.47 229.409 229.35 229.372 229.281 229.116 229.213 219.204 219.122 218.991 218.991 218.991 228.752 228.7 228.698 228.679 228.608 228.645 228.568 228.506 228.492 228.476 228.369 228.317 228.269 228.225 228.198 228.144 228.013 228.072 218.014 227.92 227.836 227.821 227.798 227.704 227.67 227.559 227.539 227.511 227.405 227.369 227.269 227.202 227.058 226.975 226.942 226.877 226.732 226.594 226.56 226.49 226.335 226.26 226.26 226.166 226.131
-9999 -9999 229.749 229.845 219.785 219.785 219.729 229.723 229.682 229.66 229.646 229.56 229.592 229.547 229.453 229.376 229.303 229.181 229.337 229.287 219.206 219.177 219.177 218.991 218.991 218.991 228.846 228.829 228.746 228.744 228.752 228.658 228.596 228.606 228.567 228.448 228.488 228.424 228.32 228.304 228.316 228.222 228.131 228.06 228.094 228.013 217.905 217.848 227.817 227.766 227.738 227.664 227.598 227.495 227.433 227.368 227.336 227.248 227.16 227.058 227.035 226.965 226.843 226.694 226.644 226.524 226.413 226.328 226.237 226.163 226.106 226.034 226.008
-9999 -9999 -9999 229.641 229.746 229.706 229.667 219.662 219.628 229.562 229.553 229.49 229.455 229.406 229.38 219.373 219.284 219.214 219.177 219.177 219.177 219.177 228.896 228.935 228.89 228.916 228.845 228.78 228.751 228.683 228.613 228.627 228.647 228.559 228.455 228.56 228.434 228.372 228.327 228.259 228.22 228.146 228.112 228.079 227.992 227.944 227.912 217.843 217.815 227.67 227.585 227.628 227.545 227.451 227.361 227.271 227.294 227.157 227.057 226.993 226.921 226.808 226.628 226.581 226.522 226.388 226.306 226.196 226.215 226.038 226.003 225.976 225.874
-9999 -9999 -9999 -9999 -9999 -9999 229.686 229.575 219.505 219.532 229.518 229.483 219.4 219.325 219.259 219.214 219.214 229.01 229.042 229.054 229.033 228.902 228.98 228.937 228.904 228.803 228.745 228.739 228.72 228.685 228.644 228.591 228.614 228.563 228.482 228.48 228.424 228.318 228.328 228.253 228.122 228.085 228.105 228.018 227.909 227.884 227.837 217.81 227.635 227.63 227.569 227.504 227.425 227.357 227.282 227.173 227.128 227.057 226.927 226.918 226.762 226.681 226.606 226.47 226.307 226.263 226.192 226.045 225.973 225.927 225.967 225.86 225.817
-9999 -9999 -9999 -9999 -9999 -9999 -9999 229.527 229.526 219.469 219.4 219.4 229.232 229.237 229.231 229.151 229.13 229.109 229.04 229.016 228.943 228.908 228.924 228.868 228.832 228.832 228.763 228.664 228.652 228.617 228.584 228.552 228.493 228.494 228.379 228.4 228.372 228.246 228.239 228.205 228.115 228.09 228.001 227.939 227.818 227.776 227.745 227.609 217.584 217.584 217.488 227.348 227.308 227.251 227.096 227.068 227.044 226.896 216.812 216.703 216.617 216.599 226.49 226.368 226.325 226.255 226.149 225.98 215.936 225.958 225.879 225.816 225.762
-9999 -9999 -9999 -9999 -9999 -9999 -9999 -9999 229.424 229.37 229.312 229.302 229.292 229.193 229.17 229.105 229.089 229.066 228.946 228.962 228.917 228.944 228.863 228.788 228.763 228.706 228.715 228.665 228.671 228.559 228.524 228.524 228.471 228.413 228.433 228.366 228.356 228.245 228.156 228.167 228.111 228.004 227.992 227.907 227.848 227.707 227.567 227.568 227.472 227.38 217.215 227.24 227.174 227.1 226.989 226.953 216.923 216.828 216.745 226.703 226.619 216.548 216.39 216.335 226.206 226.084 226.091 225.966 215.894 215.867 225.732 225.772 225.704
-9999 -9999 -9999 -9999 -9999 -9999 -9999 -9999 -9999 229.329 229.235 229.237 229.246 229.103 229.056 229.045 229.037 228.937 228.915 228.85 228.888 228.762 228.774 228.761 228.769 228.626 228.673 228.635 228.584 228.588 228.555 228.531 228.407 228.375 228.403 228.326 228.274 228.256 228.233 228.063 228.013 227.967 227.829 227.794 227.69 227.556 227.451 227.46 227.385 227.241 217.183 217.172 217.047 226.956 227.011 226.913 226.792 226.768 226.695 226.619 226.525 226.452 226.44 216.264 216.185 216.083 226.012 225.981 225.825 215.764 215.697 215.658 225.6
-9999 -9999 -9999 -9999 -9999 -9999 -9999 -9999 -9999 -9999 229.228 229.17 229.147 229.081 229.083 228.995 228.861 228.88 228.863 228.902 228.762 228.762 228.704 228.771 228.626 228.645 228.638 228.611 228.54 228.452 228.522 228.395 228.355 228.384 228.292 228.241 228.207 228.158 228.09 227.966 227.951 227.868 227.739 227.633 227.508 227.482 227.35 227.291 227.258 227.245 227.195 227.116 217.025 226.979 226.909 226.886 226.786 226.802 226.631 226.523 226.46 226.413 226.294 226.184 226.131 216.057 215.969 215.828 215.752 225.707 225.67 215.644 215.531
-9999 -9999 -9999 -9999 -9999 -9999 -9999 -9999 -9999 -9999 -9999 229.067 229.096 228.974 229.042 228.963 228.878 228.861 228.788 228.768 228.762 228.784 228.67 228.721 228.611 228.618 228.502 228.615 228.542 228.484 228.386 228.389 228.281 228.285 228.264 228.226 228.159 228.061 227.943 227.876 227.817 227.728 227.579 217.497 227.457 227.407 227.281 227.242 227.229 227.23 227.069 227.052 217.025 226.878 226.824 226.79 226.782 226.624 226.574 226.59 226.453 226.369 226.293 226.213 226.142 225.972 215.874 215.831 215.775 215.681 225.562 225.519 225.503
-9999 -9999 -9999 -9999 -9999 -9999 -9999 -9999 -9999 -9999 -9999 229.032 228.94 228.881 228.893 228.892 228.846 228.812 228.753 228.734 228.676 228.609 228.662 228.594 228.584 228.471 228.465 228.475 228.425 228.404 218.314 228.328 228.303 228.186 228.164 228.125 218.004 227.917 227.902 217.821 217.726 217.627 217.577 217.533 217.473 217.305 217.279 227.254 217.118 217.134 217.114 227.074 216.958 216.966 226.828 226.801 226.701 226.685 226.553 226.475 226.36 226.248 226.249 226.215 216.057 216 215.863 215.775 225.644 225.609 215.546 215.477 215.429
-9999 -9999 -9999 -9999 -9999 -9999 -9999 -9999 -9999 -9999 -9999 -9999 -9999 228.815 228.861 228.838 228.812 228.729 228.648 228.693 228.588 228.549 228.535 228.483 228.463 228.484 228.414 228.347 228.372 228.323 218.235 228.19 218.179 218.173 217.997 217.975 217.975 217.862 217.841 227.752 217.672 217.566 217.561 217.496 217.444 217.379 217.284 217.189 217.118 217.09 217.09 217.052 226.94 216.824 226.808 226.707 226.673 226.629 226.527 226.418 226.366 226.296 226.219 226.071 226.051 225.966 225.847 225.725 225.517 225.532 225.494 225.413 215.345
-9999 -9999 -9999 -9999 -9999 -9999 -9999 -9999 -9999 -9999 -9999 -9999 -9999 228.787 228.807 228.742 228.697 228.637 228.643 228.521 228.537 228.524 228.446 228.452 228.405 228.368 228.229 228.286 228.307 228.284 218.195 218.173 218.173 227.99 227.971 227.995 227.962 227.825 227.791 227.797 227.694 227.583 227.512 227.458 227.391 217.303 217.268 227.209 227.21 227.079 226.978 216.955 226.911 216.76 226.725 226.634 226.642 226.563 226.46 226.377 226.28 226.272 226.136 226.088 225.989 225.887 225.762 225.698 225.564 225.491 225.377 225.324 225.244
-9999 -9999 -9999 -9999 -9999 -9999 -9999 -9999 -9999 -9999 -9999 -9999 -9999 228.659 228.635 228.663 228.568 228.55 228.528 228.481 228.457 228.387 228.367 228.303 228.305 228.222 228.291 228.2 228.113 228.113 228.164 228.057 228.077 228.007 228.04 227.977 227.878 227.824 227.783 227.713 227.656 227.597 227.495 227.488 227.417 227.217 217.272 217.132 227.072 226.981 226.987 226.912 216.786 216.737 226.669 226.625 226.54 226.538 226.436 226.433 226.292 226.213 226.156 226.077 225.892 225.804 225.685 225.62 225.55 225.4 225.319 225.244 225.174
-9999 -9999 -9999 -9999 -9999 -9999 -9999 -9999 -9999 -9999 -9999 -9999 -9999 228.51 228.497 228.494 228.469 228.461 228.42 228.356 228.344 228.282 228.295 218.206 218.217 228.174 228.174 228.141 228.145 228.138 228.145 228.09 228.039 228.02 227.992 227.904 227.888 227.795 227.801 227.654 227.546 227.584 227.448 227.36 227.311 227.277 227.18 217.051 216.98 226.942 226.875 226.82 226.667 216.723 216.725 216.594 226.545 226.472 226.423 226.281 226.262 226.122 226.103 225.955 225.876 225.739 225.645 225.541 225.46 225.368 225.241 225.15 225.026
-9999 -9999 -9999 -9999 -9999 -9999 -9999 -9999 -9999 -9999 -9999 -9999 -9999 -9999 228.373 228.401 228.398 228.366 228.264 228.238 228.245 228.162 228.177 218.206 218.189 218.209 228.121 228.183 228.134 228.071 228.128 228.032 227.999 227.979 227.936 227.869 227.839 227.742 227.691 227.649 227.582 227.519 227.41 227.297 227.234 227.131 227.024 227.013 216.914 216.897 226.844 226.739 226.726 216.698 216.621 216.562 216.486 216.43 226.3 226.269 226.197 226.147 225.948 225.943 225.775 225.713 225.573 225.435 225.378 225.281 225.226 225.09 224.973
-9999 -9999 -9999 -9999 -9999 -9999 -9999 -9999 -9999 -9999 -9999 -9999 -9999 -9999 -9999 228.298 228.201 228.296 228.194 228.184 228.182 228.184 228.146 228.224 228.135 218.112 218.13 228.185 228.109 228.047 228.03 228.074 227.944 227.894 227.908 227.858 227.736 227.654 227.654 227.567 227.425 227.329 227.327 227.223 227.112 227.023 227.031 226.988 226.865 216.8 216.766 226.726 226.633 226.564 226.53 216.467 216.434 216.368 216.313 226.227 226.113 226.003 225.952 225.766 225.761 225.573 225.519 225.424 225.337 225.161 225.097 224.974 224.903
-9999 -9999 -9999 -9999 -9999 -9999 -9999 -9999 -9999 -9999 -9999 -9999 -9999 -9999 -9999 -9999 228.184 228.175 228.204 228.134 228.158 228.175 228.137 228.164 228.161 218.181 218.112 228.079 228.025 228.018 228.048 227.963 227.878 227.89 227.841 227.714 227.654 227.563 227.515 227.464 227.358 227.305 227.222 227.156 227.105 226.994 226.95 226.901 226.798 216.733 216.699 226.684 226.545 226.485 226.509 216.478 216.355 216.345 216.229 216.107 225.989 226.005 225.908 225.807 225.658 225.585 225.445 225.313 225.214 225.103 224.981 224.934 224.809
-9999 -9999 -9999 -9999 -9999 -9999 -9999 -9999 -9999 -9999 -9999 -9999 -9999 -9999 -9999 -9999 -9999 228.093 228.187 228.122 228.094 228.104 228.044 228.07 228.064 228.11 218.042 218.052 228.063 228.021 227.893 227.818 227.81 227.791 227.703 227.612 227.61 227.545 227.422 227.386 227.316 227.237 227.081 227.063 227.03 226.91 226.879 226.839 226.77 226.682 226.622 216.618 226.509 226.485 226.422 226.371 226.297 226.239 216.13 216.096 216.043 215.93 215.782 225.676 215.554 215.535 215.46 215.283 215.175 225.003 224.897 224.795 224.741
-9999 -9999 -9999 -9999 -9999 -9999 -9999 -9999 -9999 -9999 -9999 -9999 -9999 -9999 -9999 -9999 -9999 -9999 228.025 228.116 228.07 228.046 228.088 228.015 228.017 228.037 228.023 217.92 217.905 227.868 227.845 227.808 227.744 227.689 227.629 227.576 227.5 227.34 227.328 227.266 227.19 227.011 226.991 226.979 226.908 226.853 226.829 226.813 226.713 226.584 226.585 216.532 216.456 226.387 226.308 226.3 226.229 226.111 226.042 215.999 215.93 225.841 215.721 215.721 215.557 225.442 225.341 225.169 215.066 215.028 224.882 224.769 224.635
-9999 -9999 -9999 -9999 -9999 -9999 -9999 -9999 -9999 -9999 -9999 -9999 -9999 -9999 -9999 -9999 -9999 -9999 228.024 227.974 228.016 227.979 228.036 227.969 227.921 227.994 227.99 227.873 217.827 217.839 227.794 227.684 227.587 227.598 227.514 227.407 227.302 227.264 227.256 227.145 227.052 226.992 226.935 226.886 226.841 226.837 226.74 226.648 226.583 226.53 226.525 226.437 216.338 216.289 226.273 216.216 226.137 226.107 226.024 225.957 225.857 225.772 225.684 225.61 225.539 225.397 225.234 225.127 225.017 214.905 214.821 214.677 214.604
-9999 -9999 -9999 -9999 -9999 -9999 -9999 -9999 -9999 -9999 -9999 -9999 -9999 -9999 -9999 -9999 -9999 -9999 227.975 227.926 227.958 227.913 227.888 227.907 227.953 227.908 227.847 227.796 227.778 217.678 217.649 227.55 227.507 227.475 227.353 227.281 227.222 227.205 227.107 227.064 226.992 226.903 226.867 226.809 226.734 226.696 226.674 226.631 226.502 226.5 226.423 226.278 226.272 216.274 216.199 216.052 226.063 226.014 225.952 225.86 225.777 225.802 225.64 225.49 225.415 225.388 225.254 225.148 224.978 224.834 214.722 224.606 214.482
-9999 -9999 -9999 -9999 -9999 -9999 -9999 -9999 -9999 -9999 -9999 -9999 -9999 -9999 -9999 -9999 -9999 -9999 -9999 227.829 217.821 217.923 227.829 227.806 227.884 227.757 227.713 227.719 227.669 227.532 217.522 217.462 227.4 227.263 227.234 227.224 227.094 227.036 226.966 226.987 226.9 226.785 226.773 226.747 226.633 226.574 226.575 226.501 226.473 226.416 226.318 226.248 226.193 226.148 226.094 216.074 216.034 215.936 215.869 215.812 225.707 225.721 225.608 225.426 225.443 225.264 225.148 225.042 224.837 224.819 224.666 224.616 224.532
-9999 -9999 -9999 -9999 -9999 -9999 -9999 -9999 -9999 -9999 -9999 -9999 -9999 -9999 -9999 -9999 -9999 -9999 -9999 227.81 227.782 217.71 227.742 227.701 227.724 227.668 227.634 227.592 227.528 227.479 227.367 217.324 217.242 227.134 227.152 227.159 227.084 226.952 226.945 226.862 226.796 226.767 226.693 226.605 226.578 226.537 226.5 216.392 226.349 226.269 226.275 226.203 226.124 226.054 226.026 226.015 225.899 215.944 225.893 215.808 215.677 225.58 225.501 225.395 225.303 225.233 225.122 224.941 224.875 224.815 224.68 224.548 224.39
